541.3196901271691
868.4128026713173
566.9594040822569
39.49750126935858
648.6264620256889
463.4203367569627
707.2064465086717
339.2909553168166
274.43703215404537
799.5372160471435
337.80941270122497
8.025202878187088
163.26018854680945
540.7037672023148
85.49673453451511
178.15139514944912
613.9969177171071
849.2609919444443
415.77273475668085
163.80455413047545
697.9936191667717
412.66853938288386
222.76546993349257
179.32785756782786
585.4283083157902
184.4511239836918
7.599442018432212
274.6901438645409
890.6209031257442
861.9782189599657
270.51052518382255
627.7105205095831
725.7346874631196
416.87462521689
153.39039950277532
53.145799008824326
650.1133061024716
560.8666225146505
367.98213540979964
646.9466699163323
425.4832672222122
236.54848778555626
543.720019423037
813.7055489618269
242.84370395495912
780.0931128154213
357.8182970302453
198.1265977270471
462.9829686296656
186.76357955133292
12.498883643915605
370.21397528787924
550.8432940802643
470.17515028385037
519.8674976579151
197.3534884481043
116.16893655566996
60.38196199061419
525.544974154699
21.884602617596947
975.3288149102509
113.73122535459113
849.049898797001
177.13958502550798
836.1886270024025
81.56719986763383
526.4831827489076
116.51294166228953
820.6945957396272
904.472662985105
258.12380068353013
755.1837758851482
14.591274361295369
790.1146488126027
86.45012668710051
423.2820197050802
877.1026050784943
735.2722123491914
224.12661562589952
975.4350858661273
704.3181852709079
531.2744711818594
867.0458492325043
999.7342142480707
630.5854334623755
641.2648837015919
177.78955019624388
346.63741205449026
866.498912825229
446.8931135653915
128.82208844932984
20.44606544874017
659.8574596878223
877.8616786116078
530.1270310993868
982.423977840755
486.4794338785726
377.92593631725543
580.5686571561074
182.65811558119748
