10000000000000000000000000000000000000000000000000000000000000000
20000000000000000000000000000000000000000000000000000000000000000
30000000000000000000000000000000000000000000000000000000000000000
40000000000000000000000000000000000000000000000000000000000000000
50000000000000000000000000000000000000000000000000000000000000000
60000000000000000000000000000000000000000000000000000000000000000
70000000000000000000000000000000000000000000000000000000000000000
80000000000000000000000000000000000000000000000000000000000000000
90000000000000000000000000000000000000000000000000000000000000000
10000000000000000000000000000000000000000000000000000000000000000
11000000000000000000000000000000000000000000000000000000000000000
12000000000000000000000000000000000000000000000000000000000000000
13000000000000000000000000000000000000000000000000000000000000000
14000000000000000000000000000000000000000000000000000000000000000
15000000000000000000000000000000000000000000000000000000000000000
16000000000000000000000000000000000000000000000000000000000000000
17000000000000000000000000000000000000000000000000000000000000000
18000000000000000000000000000000000000000000000000000000000000000
19000000000000000000000000000000000000000000000000000000000000000
20000000000000000000000000000000000000000000000000000000000000000
21000000000000000000000000000000000000000000000000000000000000000
22000000000000000000000000000000000000000000000000000000000000000
